Id,Attrition
1,0.0024610716423341724
2,0.13218554850049868
3,0.01904258584267834
4,0.04821767926151322
5,0.013827239002922024
6,0.01055872906707822
7,0.05995137719312984
8,0.02506367606196601
9,0.21241951459242417
10,0.031876766416819934
11,0.005904878564489072
12,0.019752271478794478
13,0.00599654121470917
14,0.006503252889715624
15,0.005629304246617978
16,0.008024001597225123
17,0.05354704033228553
18,0.036178501064604185
19,0.026167267587255898
20,0.0006174084951450127
21,0.03926379908370971
22,0.9614252400022408
23,0.05813299515777448
24,0.03946219807627924
25,0.023927276574853572
26,0.0041861530243653515
27,0.002256099612012745
28,0.0042035398817280014
29,0.9841795380377951
30,0.020119922015349886
31,0.0028392075746974175
32,0.10798416907425874
33,0.09503989284732185
34,0.6581448450432561
35,0.0038490002406278644
36,0.025935816057906434
37,0.07727556689199025
38,0.04486957461360189
39,0.3840349156691776
40,0.06424207392789803
41,0.9418176361039634
42,0.5415779355545633
43,0.005414292927385476
44,0.0029457755614152063
45,0.014253817480575096
46,0.012411855087522955
47,0.07177145533182307
48,0.043872789968956105
49,0.008991245626440483
50,0.14688432778947264
51,0.5580644309483966
52,0.015946471095512813
53,0.3948157197310034
54,0.9431640000673072
55,0.21852463509225065
56,0.1606528476409729
57,0.001694247934734675
58,0.8559293164949917
59,0.006059704122368685
60,0.001458630573815003
61,0.039176931630542415
62,0.03710642095235179
63,0.33170448648366807
64,0.00436981380251411
65,0.016205007343438757
66,0.14503460111324595
67,0.0012712284045094412
68,0.05285689203334894
69,0.3468901087037584
70,0.008519508815067564
71,0.07216462952401653
72,0.006270439140967981
73,0.019049718820278484
74,0.043296654416084636
75,0.18231301877212044
76,0.879938426699695
77,0.005728382245337078
78,0.061522932318086206
79,0.018354880576570445
80,0.673430418794981
81,0.012103889974612626
82,0.2286063346199756
83,0.01260812128272486
84,0.0013770600829785785
85,0.1667827917308471
86,0.00586515509891527
87,0.35319546076642105
88,0.014690342346112746
89,0.020392301473667416
90,0.4506518193786851
91,0.1861637713295552
92,0.024309584274120614
93,0.10778333846370085
94,0.12065622253931721
95,0.4233597499362018
96,0.6756596892224684
97,0.014154371044168014
98,0.0755968294749587
99,0.006117797661825168
100,0.01564395492002668
101,0.164966164010243
102,0.024982156397368477
103,0.0492694216314333
104,0.02112034542983926
105,0.08574405086082595
106,0.2934724827590344
107,0.028394072297495115
108,0.1500820524651444
109,0.004170523512689553
110,0.04730967130266603
111,0.043308099664042365
112,0.013241002203267117
113,0.06368586898814202
114,0.005687736365656951
115,0.2834746755968077
116,0.007605775694984647
117,0.00985878402598914
118,0.01297780748508893
119,0.03945257665882852
120,0.0022658499783052765
121,0.3200154604987389
122,0.05908894338073308
123,0.016853231439915378
124,0.77725202946131
125,0.6707254169094364
126,0.03366330667536249
127,0.004628128412513802
128,0.3524057192087695
129,0.5450326539328346
130,0.00919095017799822
131,0.035446511525408175
132,0.0010439448058813731
133,0.06170912757324325
134,0.04254141854895453
135,0.003288882119905336
136,0.016494586860984192
137,0.8977717386735738
138,0.014048383661920247
139,0.18700336710003326
140,0.008453563328697903
141,0.18518891751624997
142,0.017093302642244283
143,0.0051099669540009785
144,0.0019215414174322421
145,0.018454493102812258
146,0.6797185817934902
147,0.06435335685428738
148,0.4985507766979646
149,0.0970096706695245
150,0.563305297346044
151,0.594378897915208
152,0.06729421637042458
153,0.03142056231603545
154,0.8698239225653307
155,0.0032421600880711515
156,0.0014913714513649107
157,0.008417739650728997
158,0.05918927611821771
159,0.004588035562643143
160,0.03305055239803233
161,0.7857963515452604
162,0.07963648089848036
163,0.028255834217534862
164,0.0028433946433420354
165,0.07458671877993131
166,0.21300633294601687
167,0.07977405845688641
168,0.08997559161194672
169,0.0006073656998334877
170,0.004043541364752367
171,0.03529501140090623
172,0.008901656298682958
173,0.06529870773569318
174,0.4843931028520964
175,0.003708542591967353
176,0.01890690034105507
177,0.049481964467277366
178,0.0727905905129274
179,0.016161032537018657
180,0.7697017043393087
181,0.4130935154181358
182,0.191518219467056
183,0.911244077267683
184,0.008289846930065231
185,0.7101709130137293
186,0.09604833117326801
187,0.02362974655820877
188,0.004431678985991634
189,0.01073932653476906
190,0.010053656807153847
191,0.0679929320366151
192,0.020692968735035962
193,0.007447625161108282
194,0.18603954811033296
195,0.8373349130835991
196,0.26004155284099667
197,0.008740886578271684
198,0.5431992524806772
199,0.008630322569545205
200,0.014293865872278901
201,0.5555479145455755
202,0.464710108001582
203,0.5229046722067271
204,0.010422316597764221
205,0.061258382819275516
206,0.009179360733087533
207,0.9256693458796691
208,0.1851384310521265
209,0.01035100176256847
210,0.5489032067253629
211,0.6959431718072061
212,0.07064330019578896
213,0.02720095407908868
214,0.040444177523601375
215,0.6722176259959254
216,0.9404069789924037
217,0.6764670370555
218,0.004872459019700634
219,0.0291018812856476
220,0.03397340518419547
221,0.11398152939307962
222,0.035515787339372606
223,0.17380172017331913
224,0.09200450588708257
225,0.372605691402143
226,0.006442825059321914
227,0.2533177778514564
228,0.008112667705087125
229,0.006010533359773741
230,0.011051653230627187
231,0.8463813079353864
232,0.11410643842315975
233,0.04761415549486121
234,0.1920959705246026
235,0.007950481458397673
236,0.04680513050429672
237,0.01722918694787199
238,0.012974805387601325
239,0.9401768549236407
240,0.009044326152893434
241,0.015629730053916113
242,0.03915293636008432
243,0.25406393075050937
244,0.8929488299774277
245,0.0034390790702011273
246,0.012921005956416837
247,0.7325861682227509
248,0.0095616379919043
249,0.004340459114392222
250,0.006574611959537364
251,0.0017509260666836216
252,0.005916593498189943
253,0.0035994607635329162
254,0.008146639151846977
255,0.003555805783210608
256,0.6342837420535794
257,0.003144155821925337
258,0.025880885531881895
259,0.20868846612481348
260,0.6237761666469837
261,0.0031520208850023563
262,0.035078251991808605
263,0.11518827462981619
264,0.6098365628067308
265,0.3615573588502622
266,0.10334899046088561
267,0.003406398979655555
268,0.0013867297360897414
269,0.8084763906891328
270,0.07480643888541808
271,0.022389559850484225
272,0.6166952889723358
273,0.9896949706107182
274,0.17966170412276464
275,0.4143302205959365
276,0.06445107870232182
277,0.06228416234865544
278,0.07421183940773009
279,0.017664941980671162
280,0.039360199384942125
281,0.4126533338380306
282,0.0268724474692337
283,0.02820860680096884
284,0.011001866404557201
285,0.01958296086749885
286,0.9824135127863795
287,0.1441656297806834
288,0.18244963230971928
289,0.024579859916298713
290,0.3000233990470592
291,0.5447414311622338
292,0.004710702736936823
293,0.07177429259013339
294,0.00942566562732954
295,0.015089328148437164
296,0.10268860433060255
297,0.008710138916618348
298,0.031544736990907804
299,0.8816365160318612
300,0.0054565404177579335
301,0.02674300651303816
302,0.019952993058606656
303,0.01903167182135179
304,0.960886632190583
305,0.011393584779840808
306,0.009831138487236326
307,0.03740271986671494
308,0.020317695284094415
309,0.00978564340279315
310,0.0013223599548583239
311,0.2774975138750417
312,0.2016557695440734
313,0.03561722088099723
314,0.021960673417321656
315,0.13356307773149947
316,0.1317054057469945
317,0.3261958739624582
318,0.3982287324790028
319,0.003454361597417468
320,0.05323338304972336
321,0.07491072423277395
322,0.2064874251071271
323,0.004138644578784351
324,0.027325460969773223
325,0.9269810926924424
326,0.01663015159464016
327,0.8878021997345281
328,0.5286563103407507
329,0.25428436769738244
330,0.1457941153471784
331,0.008568898592470247
332,0.09158292412998202
333,0.0024174305764146043
334,0.021331031979095198
335,0.07200637112587643
336,0.006901608205364548
337,0.03605477499822667
338,0.0386916477307271
339,0.05377366313348546
340,0.7005477889945914
341,0.06399106407953747
342,0.8934723736575927
343,0.0074366362409272095
344,0.8279815988444287
345,0.2346624580797636
346,0.062211160590054056
347,0.11594550053359247
348,0.21257209048077239
349,0.01611429581054265
350,0.0735512729918222
351,0.002698967897114933
352,0.0033339554414027156
353,0.21295314634056595
354,0.006644727038893482
355,0.003077662343808219
356,0.6786941513604103
357,0.6668123422291125
358,0.008346748094916508
359,0.04487468695906796
360,0.4495280933397095
361,0.021901574737070394
362,0.09447281948057043
363,0.017643404381643756
364,0.06751384336346786
365,0.8146807219387362
366,0.01998187583034457
367,0.03776505718041827
368,0.19141426107530582
369,0.1444462143772738
370,0.7191233812704177
371,0.007426729651896256
372,0.011483321272469552
373,0.029381382076460474
374,0.8397075245065831
375,0.06669723630346629
376,0.07303845842704708
377,0.7272290966364812
378,0.09342958542954082
379,0.08920408864130111
380,0.0016974485047047611
381,0.8543967732275006
382,0.01725244071438928
383,0.030135086323884345
384,0.00645063253388272
385,0.21827807116374723
386,0.975859935474821
387,0.5034306526669672
388,0.5697697141958511
389,0.10218506934725285
390,0.46679314508860414
391,0.03204205497847553
392,0.00105557139410459
393,0.5914956015074982
394,0.00823470102966809
395,0.0014647797564428975
396,0.09624494032136277
397,0.8519961645525802
398,0.0023711656632509908
399,0.010851916698244455
400,0.2556029258821898
401,0.11422651663109724
402,0.010469941436039557
403,0.1233306925678715
404,0.06762057724733983
405,0.018579819182523872
406,0.010826917468333022
407,0.014388510943143303
408,0.03021541671609793
409,0.140556939025094
410,0.02562795710459312
411,0.12957644401296253
412,0.008541127625660722
413,0.01181876829368936
414,0.00475728034202194
415,0.044754051907364575
416,0.003247987193902593
417,0.9616080279098582
418,0.20183225975352986
419,0.022912113629721738
420,0.005808846054118079
421,0.1552151947698118
422,0.04744330763173027
423,0.06812497389238677
424,0.1904681264248398
425,0.07085548188261372
426,0.0007495683778406482
427,0.10807815089307209
428,0.0053542802878449106
429,0.08706056801441768
430,0.005476911530848995
431,0.013639068036116631
432,0.009438387180891114
433,0.02781531343602755
434,0.002466360040800608
435,0.05694924391568227
436,0.005340634384860325
437,0.13923338509304797
438,0.0209511473682156
439,0.011640382501644876
440,0.00808555123441922
441,0.016574523562486215
442,0.015379393701191433
443,0.01275782165965296
444,0.0019524351170148867
445,0.06129893199739072
446,0.034156810887045405
447,0.004051810007325626
448,0.35944920781131057
449,0.02538934364016216
450,0.09340279254677139
451,0.053927731477699005
452,0.019365943069160133
453,0.9696420403092049
454,0.15453488715563002
455,0.08071627930093346
456,0.010027437495498519
457,0.8487395115404318
458,0.6287734270941874
459,0.7243163606460392
460,0.038023230366293834
461,0.0007919839835172985
462,0.04893077801272544
463,0.5881997073362153
464,0.17493691341978077
465,0.7000776089397437
466,0.3772646170438399
467,0.9676737054444846
468,0.43389585139444004
469,0.036177976176415855
470,0.003202918556108253
