Id,Attrition
1,0.0022978724
2,0.030858172
3,0.0050939815
4,0.032337468
5,0.00386132
6,0.008664879
7,0.016252687
8,0.0056519676
9,0.085969016
10,0.005684451
11,0.0018183923
12,0.0044632307
13,0.0011245137
14,0.0011990549
15,0.003434552
16,0.0017616969
17,0.005922557
18,0.013045023
19,0.004508057
20,0.00022096526
21,0.004702294
22,0.97369194
23,0.02372873
24,0.010605786
25,0.03679567
26,0.003921421
27,0.0009804617
28,0.00080358615
29,0.99310005
30,0.0012722628
31,0.0015270262
32,0.19072048
33,0.035287593
34,0.10647974
35,0.0014211214
36,0.0046842764
37,0.009430306
38,0.1089741
39,0.05866369
40,0.04683411
41,0.9877416
42,0.18401168
43,0.0023660227
44,0.0026765359
45,0.015058838
46,0.0016386807
47,0.020215958
48,0.03790553
49,0.0032250031
50,0.015812164
51,0.36339113
52,0.002818249
53,0.12054645
54,0.8913089
55,0.09840143
56,0.018785477
57,0.0027235898
58,0.86309016
59,0.0011889226
60,0.002348948
61,0.009955957
62,0.0061738794
63,0.4312842
64,0.0013860797
65,0.025616813
66,0.06801348
67,0.0011939985
68,0.033004966
69,0.034327686
70,0.0049362
71,0.05159465
72,0.001420727
73,0.004897138
74,0.006571813
75,0.049848396
76,0.8133865
77,0.0051516136
78,0.025029011
79,0.0072044763
80,0.93886673
81,0.0013989112
82,0.069082566
83,0.0047025885
84,0.0005403362
85,0.076106675
86,0.013197181
87,0.035077553
88,0.0023332704
89,0.0011385048
90,0.34984425
91,0.26144528
92,0.0149846645
93,0.067748144
94,0.07740068
95,0.22325237
96,0.6201056
97,0.022122288
98,0.05782643
99,0.004851092
100,0.008550925
101,0.07449044
102,0.014224218
103,0.011296321
104,0.012165946
105,0.110726036
106,0.06197652
107,0.0028565393
108,0.007175126
109,0.0012741758
110,0.025495518
111,0.003922568
112,0.0059798425
113,0.059679903
114,0.0017792628
115,0.08866204
116,0.0039727623
117,0.0007776635
118,0.0022057751
119,0.012118109
120,0.002592774
121,0.41788986
122,0.02418121
123,0.022737859
124,0.7789684
125,0.5604982
126,0.0041439957
127,0.00065002183
128,0.12057712
129,0.23641597
130,0.0017423831
131,0.038563497
132,0.0004840128
133,0.012699388
134,0.06753857
135,0.0007523276
136,0.0059059546
137,0.99142903
138,0.001799125
139,0.5637117
140,0.007898816
141,0.020539436
142,0.005533165
143,0.0060993973
144,0.00039386947
145,0.0011929879
146,0.3954219
147,0.024452977
148,0.37891582
149,0.0134405475
150,0.6603423
151,0.35028768
152,0.0570846
153,0.0028222422
154,0.73408425
155,0.0020334066
156,0.0005422082
157,0.0045336196
158,0.008300849
159,0.0019755494
160,0.0041885898
161,0.7370523
162,0.027321927
163,0.018151194
164,0.00089562545
165,0.03211731
166,0.044024017
167,0.042579822
168,0.014436586
169,0.00026356027
170,0.00029328026
171,0.006848852
172,0.0053253663
173,0.007169268
174,0.29539922
175,0.00025496387
176,0.010787341
177,0.008244558
178,0.012615074
179,0.026382353
180,0.78960973
181,0.17963305
182,0.049016118
183,0.9457667
184,0.0037825329
185,0.7488553
186,0.019810671
187,0.0064077093
188,0.0008603906
189,0.00441604
190,0.0022213706
191,0.013723384
192,0.010338603
193,0.0013932787
194,0.19957465
195,0.8623984
196,0.11956931
197,0.0013690151
198,0.6753966
199,0.0015718986
200,0.0013412519
201,0.7357952
202,0.06213383
203,0.28390843
204,0.0020111774
205,0.19547242
206,0.009038887
207,0.9478263
208,0.4535155
209,0.049860954
210,0.4904324
211,0.30652702
212,0.0074138558
213,0.015612311
214,0.010930042
215,0.09261591
216,0.9626851
217,0.8256678
218,0.00354606
219,0.0050030584
220,0.005492704
221,0.030410947
222,0.10711637
223,0.15859942
224,0.016782988
225,0.10850704
226,0.0005478635
227,0.04740535
228,0.0070771324
229,0.002284898
230,0.0012824562
231,0.9484617
232,0.014631715
233,0.007695855
234,0.12978591
235,0.0012162235
236,0.017886402
237,0.0020658427
238,0.0026601434
239,0.98928577
240,0.0017393304
241,0.0017027889
242,0.0053081475
243,0.8472959
244,0.81131315
245,0.005938006
246,0.0015806209
247,0.3282248
248,0.001069628
249,0.0018441543
250,0.01143224
251,0.0007266392
252,0.00054720097
253,0.0012926968
254,0.0033863378
255,0.0028667008
256,0.74036247
257,0.0029587508
258,0.0022994266
259,0.25785902
260,0.41644955
261,0.0018043693
262,0.0056596748
263,0.041951474
264,0.7841355
265,0.57685477
266,0.080146484
267,0.0008123531
268,0.00079605076
269,0.7812624
270,0.0062410994
271,0.004395044
272,0.047561318
273,0.9981451
274,0.059731945
275,0.44615
276,0.024233017
277,0.010467071
278,0.014222171
279,0.0022882984
280,0.016661398
281,0.51921934
282,0.016888838
283,0.0039131134
284,0.004668044
285,0.0082606645
286,0.94347924
287,0.07367393
288,0.024915759
289,0.01007989
290,0.014530655
291,0.37940562
292,0.0029136671
293,0.009410905
294,0.0079755355
295,0.002531593
296,0.12583444
297,0.002623997
298,0.004135289
299,0.61841434
300,0.0011037457
301,0.002510039
302,0.0029996962
303,0.0039507267
304,0.9875952
305,0.0021092542
306,0.0037402252
307,0.099406675
308,0.005538147
309,0.0018915344
310,0.000428549
311,0.057284202
312,0.15524793
313,0.01803363
314,0.020532487
315,0.038294885
316,0.048417125
317,0.49318573
318,0.043236915
319,0.0012259481
320,0.009802867
321,0.13408057
322,0.01997609
323,0.0033762946
324,0.0015151852
325,0.9767546
326,0.0039081764
327,0.93565434
328,0.6824851
329,0.06238253
330,0.050504908
331,0.0006529957
332,0.027312081
333,0.0017664402
334,0.0018130972
335,0.002816498
336,0.008457119
337,0.01742228
338,0.003444038
339,0.015367188
340,0.29229796
341,0.008864993
342,0.9343663
343,0.00088681915
344,0.75519115
345,0.060303032
346,0.004269106
347,0.15095235
348,0.08009473
349,0.0028405506
350,0.027249692
351,0.0005594237
352,0.001921461
353,0.042070612
354,0.003647378
355,0.00042827395
356,0.23924942
357,0.37791815
358,0.0093968725
359,0.008865101
360,0.4806894
361,0.0051839086
362,0.09780793
363,0.003948832
364,0.20262107
365,0.83619994
366,0.012883538
367,0.0044786986
368,0.011616711
369,0.0141224
370,0.6924482
371,0.0025990843
372,0.0018851802
373,0.009644363
374,0.8568999
375,0.023847807
376,0.0064478978
377,0.41295192
378,0.016685275
379,0.16109954
380,0.00035945757
381,0.6838946
382,0.015658583
383,0.03255415
384,0.003807152
385,0.020556888
386,0.96925575
387,0.96881735
388,0.2523994
389,0.061011083
390,0.21242377
391,0.020165114
392,0.00032155303
393,0.47516578
394,0.0011700775
395,0.0003591736
396,0.016518017
397,0.82684857
398,0.0024017012
399,0.0017516303
400,0.014662154
401,0.017998401
402,0.002494241
403,0.06802654
404,0.05097383
405,0.022034468
406,0.011518015
407,0.003527345
408,0.025920441
409,0.045318913
410,0.0066416506
411,0.011801537
412,0.0031216862
413,0.0095651075
414,0.0053183716
415,0.027055128
416,0.0022910284
417,0.8548383
418,0.06100559
419,0.014086555
420,0.0012363043
421,0.15804219
422,0.083539195
423,0.021299569
424,0.020061718
425,0.16692218
426,0.00096311094
427,0.01711761
428,0.0052453587
429,0.002222694
430,0.0035180347
431,0.0022952438
432,0.0011686288
433,0.0016612601
434,0.0052340203
435,0.040048633
436,0.002110043
437,0.11524592
438,0.002764794
439,0.004025364
440,0.0025204243
441,0.013057991
442,0.0024519826
443,0.014220648
444,0.0005753743
445,0.06425855
446,0.007998094
447,0.006561398
448,0.123543575
449,0.014076143
450,0.043860335
451,0.014208253
452,0.012679745
453,0.97489583
454,0.12724338
455,0.01789343
456,0.0061172475
457,0.47507304
458,0.88488567
459,0.6041426
460,0.0135824755
461,0.0016368929
462,0.026354583
463,0.2973413
464,0.06654385
465,0.64114255
466,0.08579474
467,0.9204881
468,0.66366976
469,0.01304998
470,0.0029160993
